.Random.seed <-
c(403L, 163L, -1920140221L, -1805357087L, -210649264L, -1632824914L, 
-2007589031L, 457692523L, -1544405798L, 1132213660L, -1553647201L, 
-444392459L, -1532659060L, -261132446L, 1103007549L, -1243977801L, 
-420436898L, -1402496616L, 1110916347L, 1779800217L, 273336616L, 
1696329686L, 805321809L, 311875331L, 1264017042L, 817806372L, 
37970663L, -988375235L, -1791809612L, -346969062L, -1254582427L, 
-1653249537L, -2059885434L, 1626032144L, -1045407053L, -1770907311L, 
951318784L, -236831778L, -650049495L, 1730789339L, 973733098L, 
1218505356L, -625764913L, 100182405L, -460475844L, -1318754542L, 
-250713075L, 525674311L, -384170706L, 429208712L, 1584038283L, 
-771327639L, 500577080L, -659710490L, -2070386303L, 1799724307L, 
-360391998L, 2003256692L, 376141175L, -1409221011L, 1591529732L, 
-2076064726L, 1007106453L, 34164271L, 1608837942L, -484199584L, 
-5408349L, 537684673L, 614613680L, -1502224946L, 1884680505L, 
-671920821L, -1779562758L, -508672004L, 1070549055L, -406515435L, 
1738824236L, -225179902L, -996916259L, -1312182569L, 1468340670L, 
-1470817288L, 295989211L, 393314873L, 410289032L, -1645141194L, 
2023039345L, 154483619L, -1308808462L, -1224775100L, 1526510855L, 
-259380003L, -1104549420L, 568438010L, 1232442437L, -1672067937L, 
247055910L, -515407184L, 1592627027L, -523388303L, -1431320672L, 
444165950L, 98924105L, 1320407803L, 573182666L, 1799468076L, 
747039791L, -1294727963L, 449211804L, -488992782L, 1980385901L, 
1592299431L, 215273934L, -3041496L, -65315541L, 1499885385L, 
-519891880L, -815615738L, -1391825695L, 2085424243L, -195921694L, 
-464134060L, 96511319L, 67753293L, 1668180196L, -1522674486L, 
1707530549L, 1636831119L, -2081829738L, -1291074496L, -958491389L, 
-152061663L, 1883009552L, 1227848174L, -1292382823L, 2105948715L, 
953977626L, 49181148L, 1140066271L, 1411514293L, 1193462092L, 
-1561493598L, -726624515L, 550262775L, -1886064354L, -2075092008L, 
-963543749L, -2133943591L, 426014312L, -503437418L, -1867173103L, 
432069827L, 1598887122L, -1450450588L, -1594035033L, 1659410941L, 
-1781681164L, 638831834L, -46801371L, -1950960833L, -270630714L, 
1164483920L, -2007177869L, -190550127L, -1825422912L, -127482978L, 
-1720394391L, -1494768229L, -1110554454L, 1198569164L, 1059985295L, 
-2024221755L, -1645299844L, -688699438L, 1858447181L, -854788601L, 
-510540306L, 186929352L, -2026332213L, -556828119L, 1236486264L, 
670123430L, -681766975L, -281930669L, 43727618L, 1751539252L, 
-2092966985L, -1668428883L, 109322436L, 2097124586L, 1319918421L, 
1245228271L, -2009406730L, -788034016L, 1334367203L, -1231169407L, 
-1622685968L, 302114190L, -1827779847L, 1837500555L, 1594544314L, 
-525335620L, -270067457L, 2068802645L, 951375724L, 935036866L, 
1356951581L, 105795735L, -936645122L, 1809653176L, 577925531L, 
-1847101447L, -1818992824L, 1575889526L, -1618517071L, -1845035549L, 
-821681486L, 280895236L, 1920042055L, -94481635L, 366111124L, 
1533693242L, 110670213L, 914227807L, -557062938L, -782895248L, 
1801074835L, 1642132785L, 228926432L, 1642282960L, -1550132958L, 
393891496L, -1715683444L, 1820067004L, 1083097906L, 913892928L, 
1298535604L, 95296584L, -155492934L, 945592848L, -470065940L, 
-1083227820L, -2037753070L, 419554720L, -1260268852L, -1685185952L, 
1125046210L, -1811721432L, 1109901740L, -1055922884L, 1251402610L, 
-48540368L, 1672724260L, -153504456L, -781281574L, 1914886032L, 
-388963588L, 1111751572L, -330218430L, 37235968L, 271822908L, 
37494096L, -499739486L, -2051716280L, -1508671732L, 835550940L, 
212133714L, -986278272L, 1126838356L, 631051240L, 1906674426L, 
828693840L, -1718966484L, 1559808884L, 822592402L, 46643808L, 
1282174860L, -1707923616L, -1136292894L, -157561944L, -690230068L, 
340859388L, 1289199538L, 790834672L, 295071172L, -641908392L, 
-840837766L, -1136472656L, -829111364L, -528467884L, 1931784130L, 
-556816352L, -120110916L, 1640020560L, 1716426722L, -636973464L, 
-1627066804L, -1684498180L, -629342222L, 372782336L, -1303172236L, 
-1438832632L, -1785165382L, -791687728L, -418208788L, 633133972L, 
-844166190L, -1223307424L, -361998004L, -1168289504L, 1253748610L, 
-608358680L, -2062145300L, -1713037764L, 1850921842L, 355243632L, 
-1372435420L, -294740168L, -1996373862L, 997430992L, 324777148L, 
-84157804L, -1151800702L, -469462848L, -1428929220L, -1981687664L, 
-2146714078L, 582736392L, 1279530252L, -1270046052L, 300938770L, 
-726613632L, 1100767764L, -667730392L, -1823366854L, -2069890096L, 
-2090963348L, -1753658572L, 1786770066L, -1643932320L, -1444702900L, 
2006782944L, 68906914L, 253431720L, -748990580L, 1055197884L, 
1681976178L, 864338160L, -480699324L, -1769292456L, 1187876922L, 
-833653904L, -345942980L, -1889817836L, 222469570L, 1924885728L, 
-1062553732L, 1636398800L, -1435100510L, -1091808216L, 1714249996L, 
858528700L, 972592434L, -692369472L, 1266050612L, -1525326904L, 
1744876730L, -1129470064L, -906294804L, 1458869332L, 322779794L, 
1591474976L, -2069954100L, 1421650912L, -101976382L, -706529752L, 
-1511690580L, 2088113852L, 433005042L, -543188688L, -275298140L, 
2057759416L, 675196762L, 1211252112L, 553356668L, 818581780L, 
-382517950L, 1299858176L, 996240316L, 925164368L, -869419742L, 
721996104L, -502412276L, 1735101532L, -1067125550L, 928461824L, 
417892180L, -1629828632L, -1524343814L, 2080721616L, -258726612L, 
-1811792652L, -796097646L, 603114592L, 1843026188L, 2004937440L, 
-1134619294L, -1574889816L, 902278732L, 92959612L, -993509582L, 
-1921375632L, 1208906052L, 2003945432L, -1719634822L, -1592059344L, 
662097596L, -145924268L, 604704322L, 276520864L, -1681990468L, 
-994741808L, -268471966L, 113960936L, 388348876L, 1596731132L, 
1500513266L, -1256770432L, -218488588L, 983515272L, 564932922L, 
-796716208L, 706224236L, -86582124L, 471778642L, 784642784L, 
141839564L, -2108171104L, -529695358L, 1913736424L, 64408812L, 
2070915132L, -1134654350L, 438754416L, 1189450276L, -1310484936L, 
-1326927334L, -1304668976L, 2046920252L, -1741234028L, 227986562L, 
487099328L, -1093766852L, -1174737264L, 672195618L, -1551683576L, 
1345927970L, 945444407L, 840471297L, 329390598L, 291891268L, 
-230348427L, 668544223L, -1273565128L, 1968789526L, 1735092259L, 
556881893L, 1152102914L, -1194184592L, 1561626137L, 987748363L, 
304968444L, -1908202710L, -1064319649L, -1951032087L, -1499636738L, 
-546494484L, -933969091L, -435761401L, -344242448L, -1251858802L, 
1594728635L, 1335084189L, 1174976586L, 987720296L, 798967377L, 
952515907L, -1112380348L, 990125810L, 378668743L, -153056111L, 
28033558L, 12513396L, -1815899387L, -600483505L, -750032056L, 
856894182L, -1451598829L, 2122367861L, 769332050L, 115254176L, 
-1528314231L, 1604235963L, -604051188L, -1498626918L, 735738383L, 
-398815655L, 1919967982L, 1891158396L, -359835155L, 883869335L, 
-107060896L, -1709574850L, 681231883L, -1747279219L, 40394682L, 
-2027401736L, -1347950175L, -577302701L, 1949179508L, 673898498L, 
-824943977L, -95271839L, 150167718L, -312766300L, 176580949L, 
1064131071L, 2007736472L, -1331057226L, 367494723L, -1469035643L, 
262139938L, 1919738640L, 1236815545L, -791436437L, 1778973276L, 
-704530550L, -143177857L, -736167223L, 1879642974L, -709253108L, 
-1493944355L, 41894631L, 1941510928L, -700599762L, 284313819L, 
953775549L, -897408214L, -1907299384L, 765749489L, -70302109L, 
1427690084L, -511913582L, 1362386535L, 1363557937L, -1101855882L, 
-1103562604L, -383662427L, -1269668945L, -1586261912L, -955968442L, 
1655472627L, -1852572331L, 1730946866L, -1528845568L, -2058391575L, 
-319688101L, 847154348L, 1663914682L, -656656273L, 307328505L, 
2105077902L, 331512156L, -1609403955L, 1279235383L, 410281920L, 
-1736949602L, -755276437L, -2017780499L, 543997274L, -2100597224L, 
-1347335295L, 26800435L, 972955476L, 1316321634L, 975712759L, 
-987282879L, -150432058L, 1826592772L, -677840971L, -716429153L, 
-11152136L, -1182106410L, -1769677469L, -679986907L, 19398338L, 
6474672L, -1827088423L, 1249050955L, 1206208444L, 804872170L, 
1485940767L, -1379791191L, 638849598L, 700456748L, -367629955L, 
